% Link Projection
27
   3    3
   7    7
  11   11
  15   15
  19   19
  23   23
  27   27
  31   31
  35   35
  39   39
  43   43
  47   47
  51   51
  55   55
  59   59
  63   63
  67   67
  71   71
  75   75
  79   79
  83   83
  87   87
  91   91
  95   95
  99   99
 103  103
 107  107
108
   28    86
   29    44
  100    43
   96    93
   63    68
   58   112
  128   108
  135    71
  116    50
  163    51
  166    88
  109    91
  151    71
  213    72
  189   112
  146   109
  189    45
  188    86
  254    90
  251    47
  239    70
  235   112
  290   108
  292    68
  271    94
  330    95
  318    53
  276    51
  305    79
  370    77
  362   122
  307   114
  352    60
  349   105
  421   105
  420    62
  400    79
  397   122
  456   120
  457    80
  444    59
  442   103
  504   102
  502    60
  491    84
  492   123
  537   110
  538    75
  526    61
  519   102
  569    83
  573    49
  558    70
  553   110
  616   105
  611    71
  600    51
  592    92
  646    88
  642    50
  627    72
  630   106
  671   104
  687    58
  674    44
  662    90
  732    85
  723    39
  709    68
  709   111
  771   107
  765    62
  751    44
  752    88
  817    79
  805    44
  795    63
  798   102
  857    84
  852    48
  841    70
  843   106
  898    99
  889    59
  876    39
  871    88
  940    83
  923    50
  914    70
  921   110
  984    97
  973    67
  960    48
  960    85
 1023    81
 1019    42
 1007    64
 1010   103
 1067    92
 1065    54
 1046    32
 1052    81
 1111    67
 1104    36
 1091    52
 1089    94
 1128    86
 1137    44
108
   0    1
   1    2
   2    3
   3    0
   4    5
   5    6
   6    7
   7    4
   8    9
   9   10
  10   11
  11    8
  12   13
  13   14
  14   15
  15   12
  16   17
  17   18
  18   19
  19   16
  20   21
  21   22
  22   23
  23   20
  24   25
  25   26
  26   27
  27   24
  28   29
  29   30
  30   31
  31   28
  32   33
  33   34
  34   35
  35   32
  36   37
  37   38
  38   39
  39   36
  40   41
  41   42
  42   43
  43   40
  44   45
  45   46
  46   47
  47   44
  48   49
  49   50
  50   51
  51   48
  52   53
  53   54
  54   55
  55   52
  56   57
  57   58
  58   59
  59   56
  60   61
  61   62
  62   63
  63   60
  64   65
  65   66
  66   67
  67   64
  68   69
  69   70
  70   71
  71   68
  72   73
  73   74
  74   75
  75   72
  76   77
  77   78
  78   79
  79   76
  80   81
  81   82
  82   83
  83   80
  84   85
  85   86
  86   87
  87   84
  88   89
  89   90
  90   91
  91   88
  92   93
  93   94
  94   95
  95   92
  96   97
  97   98
  98   99
  99   96
 100  101
 101  102
 102  103
 103  100
 104  105
 105  106
 106  107
 107  104
52
   3    4
   7    2
   6   10
  11    7
  12    9
  10   15
  16   12
  13   17
  17   20
  23   18
  22   24
  27   23
  28   25
  24   31
  32   28
  29   33
  33   36
  39   34
  40   39
  38   41
  41   44
  47   42
  48   47
  46   49
  49   52
  55   50
  56   55
  54   57
  57   60
  63   58
  64   63
  62   65
  65   68
  71   66
  72   71
  70   73
  73   76
  79   74
  77   80
  83   78
  84   83
  82   85
  85   88
  91   86
  92   91
  90   93
  93   96
  99   94
 100   99
  98  101
 101  104
 107  102
-1
